1308745
11625156
1308746
1424653
3025320
1308743
1308742
6529885
1308741
2342568
19955871
3569969
1297550
6852355
3058500
1308749
1424654
4304377
2129914
1424655
1308747
1432782
1308748
4284085
2134995
4221475
4221477
1424664
1432774
3569954
1308755
1308754
2156069
1308757
11625161
1432773
1424661
1438313
1308751
1401641
1308750
1432779
1308753
3569955
1308752
1297540
2156060
2129924
1308758
1297544
1438317
1297542
1438316
3624525
1468266
1297548
1297547
1468268
1297546
11504455
1949682
3389603
1308764
10810684
1308763
1963066
1308762
1308761
1438300
1297570
1963069
1438302
1308767
3569943
1963067
1308765
2078989
1963068
2156053
1297576
3278297
1308769
5908523
2997316
6886525
1297574
2343670
1297579
3582056
3690001
1308771
1308770
2340417
2434764
2241829
1308772
1308775
1432754
1987992
1308774
3189558
1308777
1308776
2377170
1308779
1308778
2362277
6886518
1297564
1401624
1401623
1401622
5053589
1308787
1963001
1297590
11625198
1308786
1308784
2036588
6727006
3668289
1299809
1301390
1452061
11577349
1299811
1424617
3722566
3094696
1301392
1297598
1872077
1297599
1301394
1424613
6097381
1308799
1308795
1308796
3569911
1308797
1308790
2939428
1308792
3569915
1452055
2342530
6946790
3195432
2028045
1299802
1299803
1872083
1297584
1297585
1424627
2078906
1299800
1297589
1424622
1297587
4132521
3162953
21247891
3418211
1299837
1299839
1424633
4304356
2362223
6848284
10455421
1299830
1424639
3796613
3897842
10487261
3796610
1424642
1424640
3376951
4962094
5100887
5098910
6946772
3222787
6946777
1299824
1299826
1758333
4259560
1768524
1758336
1299822
1295252
1295253
1755972
10440134
1295250
1298720
5128250
10440138
1439859
1295255
1298727
20268747
1298728
1732388
2059225
6523545
1439852
10456963
1949606
1298710
1295242
1296499
4051753
10430879
1949602
4830911
3161867
6803494
1296498
1298716
10430875
1298717
1298718
1298712
1798010
2044099
3161877
4915055
1949608
2998797
1295278
1439834
1295276
3161859
1298744
6722732
1986879
1295273
1958914
2044081
4960076
20268723
1298745
10416189
1904183
2044089
3196998
3534142
4960074
3206847
1964595
1295271
3024252
1986872
2131980
1807497
1295268
6001033
6001034
1424605
1807495
1298733
1298734
6732236
6001038
1298737
1295269
6390832
6390830
2059213
2028027
5313246
1295260
2147606
1401619
1296468
20268706
10527253
1401617
1401618
6390822
6390823
20268702
3324130
6001047
1296461
1401612
6390827
6001045
1295295
6001043
1308709
2363373
1308704
1296464
1431690
1296467
1308706
2259810
1307254
1308701
1307257
2376071
6523585
1295292
1307258
1431699
6523586
6523584
1941197
4131497
2147611
1439890
1862927
10430831
1296459
1467177
2059276
1295284
1295283
1308719
1401600
1295285
1401601
1401603
1295287
1296455
1301806
1308715
1296454
1401604
1308714
1401605
1439889
1431685
1308712
19954796
1308713
1754812
1307266
1307265
1473121
1295280
3040418
1295281
6523575
1431688
1978399
2343667
1307260
2343666
1307263
3022105
1862913
1298704
1764333
1958958
1298708
1301812
6889755
1301811
1298706
10527274
1301817
4830902
6852373
20411039
10430826
1308728
3040430
20429432
10456950
1308729
1296482
1307277
1308721
10456947
1308722
1978369
3271080
1307272
1755917
1958952
2131940
2269338
1958947
2146591
20266598
1301823
1438338
3278265
1308738
1296475
3318434
3271093
6523593
6852389
4798707
1296472
1473140
3276120
3032912
3586721
3040438
1438333
10456935
1307289
1438337
1308732
3243322
1438336
2343640
4262170
5169470
3586725
1307282
3586726
4117274
2045564
1301409
2132607
3205368
4011176
10527280
1431648
6794388
2039843
1300356
1300357
1300358
1307221
1298670
1300359
1307223
1301403
1296530
1301849
1860770
1296531
3161902
3318378
1298672
1298677
1307229
1300350
1300353
1296538
2170951
1296534
4188462
10527288
1296535
4230910
1296537
1979076
4011164
5176937
2029129
10542144
4011161
3769893
1979074
4230918
3638366
1958976
1307217
1473178
1300343
1307210
4287151
1860784
1300347
1300348
1298683
1296544
1296542
2074597
1966759
1298688
1473174
5907497
3276019
1467242
1296546
3586646
1979067
1979066
3699737
1298692
1307246
1979068
1300377
3586642
1307249
5360889
1301421
1300375
1300374
1298695
1296553
1301869
1300371
1298694
1301867
11521668
1301868
5360890
1296557
1301865
1296558
3631220
1301866
3610756
1301861
1295306
1295307
6962981
4873490
1301419
1881177
1897967
4930393
1301417
1873225
1307233
1301416
11601789
20498240
1440613
1307239
2284786
1440615
1300366
6809091
1296561
1300361
1296565
1301859
1986911
1296569
1296567
1301856
2059286
1295316
4844730
1301850
1295318
1295319
1986919
20427215
1301853
1300399
10440197
20501209
1429068
1439921
6886490
10794042
1301886
1298638
5161101
1295329
2074560
1301884
1295328
1298635
1301883
1295327
1301889
1295326
1295325
1301888
3206851
1295324
1301887
1295323
1298630
1876686
3769423
1300392
1295320
1829519
11601786
1300395
1927686
20427220
1300389
1860742
2997296
1860745
3250927
1431619
3670997
2910660
1431617
1906391
2997293
1296507
1298646
1906385
1298648
1295336
1301877
1434049
1301876
3040494
1296501
2074557
1296500
1300381
3156600
1300385
1295330
1298644
3389596
1307200
20274042
1307202
1307201
1307203
1307206
1467235
1295348
3610794
1295346
1296517
1866131
1296519
6989150
2267155
20274039
1298656
20274038
1295340
1298655
1298654
1298653
1829537
3389591
1295344
1298650
1295342
1296510
1860766
1301890
1429096
1301893
1913903
3893378
5279687
3661110
1301899
1301898
6060652
1301895
1298669
1301894
3143967
1296528
1301897
1439918
1298667
3056300
2980265
1296520
1295355
1301480
10487238
4034100
10487239
1299721
1301485
4058964
4058963
2212953
1299725
10600877
3121972
1758351
3011606
3250979
3023155
5354501
10487240
3389576
10487244
10487226
1299730
1299734
2266033
4058952
1926104
1299737
6886464
6886462
2239136
3011617
4005227
1432701
2024996
1432700
3731280
4121418
1401588
1299745
1401587
1758376
6038071
5041077
4304302
1950238
1297602
1297601
5209561
1297606
1297605
3287804
1297608
1297607
5353077
19955828
6886472
19955824
6886471
19955821
11593068
1401582
6781984
5111689
1950233
3389558
1401584
4190211
1401585
6781988
1872105
1401586
1401598
6781967
1301495
20470262
1297611
1301490
2248576
1301491
10487203
6886486
1297615
1297614
1758363
4187362
1548912
5053630
2159244
2159243
1429050
11527519
3205316
5279640
1429055
1401592
1908302
1429059
6781971
1401596
1401597
1301498
1401595
20278045
1297628
1297629
1758391
1299769
11520159
2268267
3329731
5908512
1297621
1297622
3091271
2212913
1299767
2212912
1299765
5908518
1950254
1301444
1301445
1424582
1300317
1301447
2161696
1301448
1432730
1440682
5355159
5355157
6109410
1765316
5099987
1440685
1963070
2255576
1776964
1776962
6109428
6529847
1926142
1297630
4206357
1301431
5908505
1299775
1299777
5041048
6529845
1424571
1301434
1300300
1908322
1301432
19955830
4847665
1300303
1908324
1300306
1424574
1908323
1300305
4287119
1897947
1908327
2044102
3193266
1897943
3670938
1907465
1297646
1907467
1907464
1300330
2129988
1300331
10827151
1299786
1301463
1299785
1299782
1297643
1297644
1299783
1301469
3195496
4734603
1300337
1301465
1476854
1301466
3011620
1300334
3026800
1301468
1957897
3011621
3026808
2001296
1297659
2029103
1949570
1949571
1297650
1299799
10827162
1872133
1299795
1299790
10827168
5279601
1300328
4847685
1301459
1300321
1300324
1300323
3023164
5355187
1468357
2039838
1963187
4009649
3094549
1297690
3094547
1432640
1438425
1452121
1308881
3836725
5288240
10787752
1468154
1299913
4741275
6524295
1401518
3718273
1468155
1401517
1299910
10797046
3272296
1401513
1297694
3718279
6443744
11625066
5954958
1432631
2160062
2342673
1308890
1432639
2160064
1432637
1308892
2160063
5191055
1308891
6524282
1299900
1299903
5064521
1299904
1401507
4284174
1297689
6524283
4009651
1401504
1297685
1401501
1297683
1297682
1468160
1468161
1308866
5356810
1308865
1963167
3025447
1308862
1308861
1401530
3538446
1963163
1432669
1308860
1401531
3389748
2342688
3172300
5355365
2144501
1297679
11527586
1759192
6778368
3168993
1452142
1914930
3168995
1297671
1401533
1297670
1401532
1401535
1297673
1401534
1401536
1401539
11527584
1432660
3025452
1308875
1308872
1754975
1908256
5356803
3203223
3334410
4741262
1914923
6524263
1297667
1401529
1401524
3094544
6812873
1401523
1401522
4720908
1401521
1297666
1297665
1903045
1401526
3025450
2240689
4900089
4900088
5995923
1815638
11625097
5213159
4132407
1769785
3934186
1299952
1299957
2130529
6524251
5908683
1301290
2130521
1957933
6038035
1963131
1768647
4290915
4221335
1987830
5184850
1957937
1957920
2059306
1474788
1401571
1301278
2078804
1768636
6038068
1401572
1301279
6426587
1299932
1873089
3324091
1301272
1299936
3203267
2059312
2059313
2059310
2153324
5353096
3194941
2153322
1963112
3195551
4274563
3890644
2059318
1432699
1758439
1424749
1424748
1424746
10810745
1903001
1301284
1769750
1301283
1424743
10799138
3094580
1949761
1957919
5353094
4798888
3122541
1299922
3680627
